-6.289749592542648315e-02
-6.253781914710998535e-02
4.365862533450126648e-02
-1.319535672664642334e-01
-9.301701933145523071e-02
-2.989183552563190460e-02
1.412736475467681885e-01
-1.111895684152841568e-02
-5.435938388109207153e-02
3.997713327407836914e-02
2.139293588697910309e-02
-7.899500429630279541e-02
-9.497681260108947754e-02
-3.243607282638549805e-02
-1.411743611097335815e-01
-1.043324247002601624e-01
1.224435400217771530e-03
2.742048539221286774e-02
-4.964549560099840164e-03
1.597560755908489227e-02
-9.199070930480957031e-02
1.034343708306550980e-02
-6.990189850330352783e-02
-1.125918999314308167e-01
-1.003780290484428406e-01
